1.8073900000000e+00
1.8352800000000e+00
1.8953520000000e+00
1.9000000000000e+00
1.8522050000000e+00
1.8000000000000e+00
1.8073900000000e+00
1.8352800000000e+00
1.8953520000000e+00
1.9000000000000e+00
1.8522050000000e+00
1.8000000000000e+00
1.8073900000000e+00
1.8352800000000e+00
1.8953520000000e+00
1.9000000000000e+00
1.8522050000000e+00
1.8000000000000e+00
1.8073900000000e+00
1.8352800000000e+00
1.8953520000000e+00
1.9000000000000e+00
1.8522050000000e+00
1.8000000000000e+00
1.8073900000000e+00
1.8352800000000e+00
1.8953520000000e+00
1.9000000000000e+00
1.8522050000000e+00
1.8000000000000e+00
1.8073900000000e+00
1.8352800000000e+00
1.8953520000000e+00
1.9000000000000e+00
1.8522050000000e+00
1.8000000000000e+00
1.8073900000000e+00
1.8352800000000e+00
1.8953520000000e+00
1.9000000000000e+00
1.8522050000000e+00
1.8000000000000e+00
1.8073900000000e+00
1.8352800000000e+00
1.8953520000000e+00
1.9000000000000e+00
1.8522050000000e+00
1.8000000000000e+00
1.8073900000000e+00
1.8352800000000e+00
1.8953520000000e+00
1.9000000000000e+00
1.8522050000000e+00
1.8000000000000e+00
1.8519670000000e+00
1.8651970000000e+00
1.8365910000000e+00
1.8548270000000e+00
1.8564960000000e+00
1.8444580000000e+00
1.8702030000000e+00
1.8835520000000e+00
1.8519670000000e+00
1.8651970000000e+00
1.8365910000000e+00
1.8548270000000e+00
1.8564960000000e+00
1.8444580000000e+00
1.8702030000000e+00
1.8835520000000e+00
1.8519670000000e+00
1.8651970000000e+00
1.8365910000000e+00
1.8548270000000e+00
1.8564960000000e+00
1.8444580000000e+00
1.8702030000000e+00
1.8835520000000e+00
1.8519670000000e+00
1.8651970000000e+00
1.8365910000000e+00
1.8548270000000e+00
1.8564960000000e+00
1.8444580000000e+00
1.8702030000000e+00
1.8835520000000e+00
1.8519670000000e+00
1.8651970000000e+00
1.8365910000000e+00
1.8548270000000e+00
1.8564960000000e+00
1.8444580000000e+00
1.8702030000000e+00
1.8835520000000e+00
1.8519670000000e+00
1.8651970000000e+00
1.8365910000000e+00
1.8548270000000e+00
1.8564960000000e+00
1.8444580000000e+00
1.8702030000000e+00
1.8835520000000e+00
1.8519670000000e+00
1.8651970000000e+00
1.8365910000000e+00
1.8548270000000e+00
1.8564960000000e+00
1.8444580000000e+00
1.8702030000000e+00
1.8835520000000e+00
