1.0336960000000e+01
1.0465800000000e+01
1.2474120000000e+01
1.0831050000000e+01
1.0753290000000e+01
1.0777020000000e+01
1.0784630000000e+01
1.0913130000000e+01
1.6227570000000e+01
1.0598980000000e+01
1.2559720000000e+01
1.2471910000000e+01
1.1981280000000e+01
1.3567260000000e+01
1.1933100000000e+01
7.1541420000000e+00
7.4684020000000e+00
8.7569290000000e+00
1.1379470000000e+01
1.3356870000000e+01
1.2455190000000e+01
1.0399890000000e+01
1.0393340000000e+01
1.0040240000000e+01
9.4916290000000e+00
1.0426070000000e+01
1.0601890000000e+01
1.0739610000000e+01
1.0207670000000e+01
9.3168320000000e+00
8.3606060000000e+00
1.0074730000000e+01
1.0708410000000e+01
1.3847310000000e+01
1.0713320000000e+01
1.1049000000000e+01
9.7179840000000e+00
8.7210540000000e+00
8.8475370000000e+00
1.2071000000000e+01
1.2445690000000e+01
1.1219050000000e+01
1.0344650000000e+01
1.1107910000000e+01
1.1361890000000e+01
1.6307650000000e+01
1.1148020000000e+01
1.0667230000000e+01
1.0739570000000e+01
1.0765820000000e+01
1.1874530000000e+01
1.2525770000000e+01
9.6105630000000e+00
9.7541290000000e+00
1.4185000000000e+01
1.0854850000000e+01
1.0754040000000e+01
1.0773440000000e+01
1.0794550000000e+01
9.2341560000000e+00
9.4258750000000e+00
1.0751150000000e+01
1.4801710000000e+01
9.6317960000000e+00
1.0371460000000e+01
1.0446170000000e+01
1.2551090000000e+01
6.2208540000000e+00
6.4410910000000e+00
1.2119740000000e+01
8.5553880000000e+00
1.2452490000000e+01
1.1663030000000e+01
1.0253460000000e+01
7.9129090000000e+00
1.1123080000000e+01
1.2563970000000e+01
8.0050660000000e+00
1.0857430000000e+01
1.2378540000000e+01
8.7717370000000e+00
1.4508670000000e+01
1.3919490000000e+01
7.5058520000000e+00
1.2691280000000e+01
1.0599830000000e+01
9.3508220000000e+00
1.1665280000000e+01
1.4423070000000e+01
6.3089520000000e+00
1.0100740000000e+01
1.1320150000000e+01
1.1319810000000e+01
5.9924830000000e+00
1.5480510000000e+01
6.4089280000000e+00
6.0975340000000e+00
1.2578840000000e+01
9.5552100000000e+00
9.5454130000000e+00
8.3886110000000e+00
1.3464490000000e+01
8.9781090000000e+00
1.0452640000000e+01
9.3516720000000e+00
1.0805500000000e+01
1.0773360000000e+01
1.0754600000000e+01
1.0790230000000e+01
1.1924690000000e+01
