0.0
0.0
0.0
0.0
0.0
0.0
0.0
0.0
0.6394653227636207
0.0
0.40201003898987264
0.5840164243644093
0.23775159654158795
0.0063832368047740395
0.0
0.0
0.0
0.0
0.0
1.4226332927158536
0.8996463836992985
0.0
0.0
0.0
0.0
0.0
0.0
0.0
0.0
0.0
0.0
0.0
0.11578218917180871
0.7833894919494835
2.7108165815097713
0.0
0.0
0.0
0.0
0.0
0.05401770632369951
0.0
0.0
0.0
0.0
0.881562217055214
0.04708105855994282
0.0
0.0
0.0
0.007105343692539234
0.0
0.0
0.0
0.6416624506915825
0.0
0.0
0.0
0.0
0.0
0.0
0.0
0.8931299557385879
0.0
0.0
0.0
0.9540020616790708
0.0
0.08127806912411684
1.1978858089346112
0.0
0.32613789252439207
0.19760004669296594
0.0
0.0
2.1472196924113818
0.0
0.0
0.0
0.045467380954624215
0.0
1.0623403906481519
0.6612891156023992
0.0
0.6024737553612791
0.0
0.0
0.0
0.9782103983406158
0.0
0.0
0.0
0.38916798942832664
0.0
0.9387768978968483
0.0
0.0
0.0
0.0
0.0
0.0
0.0
0.0
0.0
0.0
0.0
0.0
0.0
0.0
0.03806887738875786
