0.0
0.0
0.0
0.0
0.0
0.0
0.0
0.0
0.0
0.0
0.0
0.0
0.0
0.0
0.0
0.0
0.0
0.0
0.0
0.4696165780408008
0.15196216539825436
0.0
0.0
0.0
0.0
0.0
0.0
0.0
0.0
0.0
0.0
0.0
0.0
0.07949972245390335
0.28543929044717675
0.0
0.0
0.0
0.0
0.0
0.0
0.0
0.0
0.0
0.0
0.0902545883117547
0.0
0.0
0.0
0.0
0.0
0.0
0.0
0.0
0.0
0.0
0.0
0.0
0.0
0.0
0.0
0.0
0.13454049013959746
0.0
0.0
0.0
0.18533734987864792
0.0
0.0
0.3307182706198599
0.0
0.0
0.0
0.0
0.0
0.2961372494446419
0.0
0.0
0.0
0.0
0.0
0.2406039339001964
0.005155829136181289
0.0
0.0
0.0
0.0
0.0
0.19123225487018303
0.0
0.0
0.0
0.0
0.0
0.1479530790180421
0.0
0.0
0.0
0.0
0.0
0.0
0.0
0.0
0.0
0.0
0.0
0.0
0.0
0.0
0.0
