6.7407650000000e-05
6.1419860000000e-05
1.5986040000000e-05
2.3496690000000e-05
4.9743990000000e-05
5.1458420000000e-05
4.8799870000000e-05
1.6304430000000e-05
2.5967710000000e-06
3.1575650000000e-05
7.6996480000000e-06
6.6026070000000e-06
9.9262620000000e-06
9.6234200000000e-06
1.2374490000000e-05
9.4720790000000e-05
9.7747790000000e-05
8.1908290000000e-05
1.3913490000000e-05
1.0357020000000e-06
4.7893490000000e-06
3.2209150000000e-05
3.9403460000000e-05
5.3815190000000e-05
7.3049700000000e-05
2.9050830000000e-05
6.3264510000000e-05
4.9986630000000e-05
4.6015700000000e-05
6.2154140000000e-05
7.6547250000000e-05
4.8495650000000e-05
1.3519240000000e-05
3.5234210000000e-06
1.2088300000000e-06
2.6230050000000e-05
7.3174340000000e-05
8.6275790000000e-05
8.6514650000000e-05
1.2351460000000e-05
1.0770340000000e-05
1.4222290000000e-05
1.7067620000000e-05
1.4594040000000e-05
1.9531890000000e-05
1.1965470000000e-06
1.3224210000000e-05
2.0288160000000e-05
4.8439630000000e-05
4.6251580000000e-05
1.2212070000000e-05
1.1697660000000e-05
7.9777080000000e-05
6.6662670000000e-05
3.9865100000000e-06
2.0441880000000e-05
2.6009760000000e-05
1.9201180000000e-05
2.0041480000000e-05
8.3326690000000e-05
8.0769840000000e-05
2.1880620000000e-05
1.9763250000000e-06
7.9839070000000e-05
4.8737010000000e-05
5.3623740000000e-05
4.3531890000000e-06
9.9000520000000e-05
1.0169740000000e-04
3.8605770000000e-06
8.3840870000000e-05
8.4330980000000e-06
1.0840430000000e-05
4.9805110000000e-05
9.5812300000000e-05
2.0446350000000e-06
1.1599940000000e-05
9.3864130000000e-05
1.4419930000000e-05
1.0962370000000e-05
8.2871070000000e-05
1.3750990000000e-06
4.1550780000000e-06
9.0734070000000e-05
6.1443490000000e-06
4.2518470000000e-05
7.4553640000000e-05
1.5029110000000e-05
1.8742070000000e-06
1.0059310000000e-04
6.3076880000000e-05
1.4529120000000e-05
9.9915690000000e-06
9.8544240000000e-05
1.2529000000000e-06
9.9692190000000e-05
9.8362390000000e-05
1.2545640000000e-05
7.5742530000000e-05
7.3503770000000e-05
8.5620020000000e-05
1.3264360000000e-05
7.6325480000000e-05
6.1286810000000e-05
7.3820190000000e-05
3.7261680000000e-05
4.9864880000000e-05
5.1123410000000e-05
4.0336630000000e-05
1.1813910000000e-05
