3.0534469988197e-03
8.1893167495728e+00
1.6734165191650e+01
3.1444776535034e+01
4.3018547058105e+01
5.1702209472656e+01
6.0194297790527e+01
1.9918796606362e-03
7.9613447189331e+00
1.7008764266968e+01
3.5815967559814e+01
4.2975017547607e+01
5.1755977630615e+01
6.0196704864502e+01
2.5118078337982e-04
9.1651153564453e+00
2.3373373031616e+01
3.7851951599121e+01
4.4857105255127e+01
5.2090099334717e+01
6.0192161560059e+01
2.5074800942093e-04
8.0087738037109e+00
2.2794652938843e+01
3.7079784393311e+01
4.3193996429443e+01
5.1973545074463e+01
6.0193641662598e+01
3.2076044008136e-03
8.0370826721191e+00
1.9719665527344e+01
2.9725528717041e+01
4.0877861022949e+01
5.1553108215332e+01
6.0192207336426e+01
2.7054944075644e-03
7.7014393806458e+00
1.6281770706177e+01
2.4065391540527e+01
3.8702163696289e+01
5.2379848480225e+01
6.0194740295410e+01
2.7693773154169e-03
8.1230382919312e+00
1.5663505554199e+01
2.3189451217651e+01
3.8104835510254e+01
5.1366641998291e+01
6.0194961547852e+01
-2.6179567794316e-04
8.1026630401611e+00
1.5933099746704e+01
2.4772521972656e+01
4.3625209808350e+01
5.1697135925293e+01
6.0194702148438e+01
9.0642343275249e-04
7.7043442726135e+00
1.5566813468933e+01
2.8622476577759e+01
4.4306167602539e+01
5.1987159729004e+01
6.0192367553711e+01
