1.3106458936818e-04
-5.5815477389842e-04
3.4130786079913e-03
1.8073272076435e-04
2.9001599177718e-03
-7.6976697891951e-04
5.8346875011921e-03
1.7247076034546e+01
1.7076108932495e+01
8.1471290588379e+00
9.5663166046143e+00
8.1297235488892e+00
1.6772754669189e+01
9.8746767044067e+00
2.5896657943726e+01
2.4300037384033e+01
2.2466142654419e+01
2.2410419464111e+01
2.1007534027100e+01
2.2473762512207e+01
2.0624324798584e+01
3.4137943267822e+01
3.3236297607422e+01
3.5554164886475e+01
2.9246879577637e+01
3.4946720123291e+01
2.9804338455200e+01
2.9449989318848e+01
4.3802433013916e+01
4.1686351776123e+01
4.3659248352051e+01
4.3217597961426e+01
4.2009361267090e+01
4.3299739837646e+01
4.1164237976074e+01
5.6016757965088e+01
5.5735511779785e+01
5.0560962677002e+01
5.6404476165771e+01
4.9682121276855e+01
5.1631317138672e+01
5.0353630065918e+01
6.3110290527344e+01
6.2603626251221e+01
6.3604061126709e+01
6.2449333190918e+01
6.2325893402100e+01
6.0251590728760e+01
5.9103794097900e+01
7.0583763122559e+01
6.8823234558105e+01
7.6434577941895e+01
7.6950775146484e+01
7.6165267944336e+01
6.8225776672363e+01
6.8528831481934e+01
8.3297111511230e+01
8.3299957275391e+01
8.3297615051270e+01
8.3299530029297e+01
8.3296928405762e+01
8.3298385620117e+01
8.3298225402832e+01
