2.320735431200000022e-05
2.498480337999999665e-05
2.538724233124999938e-05
2.813962619333333409e-05
2.986569742875000170e-05
3.418554057499999769e-05
3.437943644699999792e-05
3.665103264636364512e-05
3.848183270928571409e-05
4.194177693529411901e-05
4.538533200529411331e-05
5.133788129833332856e-05
5.554677810222222780e-05
6.429818498222222118e-05
6.977504606157895078e-05
7.718447060384614651e-05
8.367846269187500163e-05
9.551263606666665249e-05
1.016896628452381107e-04
1.050310431391304289e-04
1.136168717703703605e-04
1.255350640071428714e-04
1.793885919869565230e-04
2.042185132999999866e-04
2.323266241769230767e-04
