2.259219999999999828e+01
2.182262954166666447e+01
2.105305908333333065e+01
2.028348862499999683e+01
1.951391816666666656e+01
1.874434770833333275e+01
1.797477724999999893e+01
1.720520679166666511e+01
1.643563633333333129e+01
1.566606587499999925e+01
1.489649541666666543e+01
1.412692495833333162e+01
1.335735449999999958e+01
1.258778404166666576e+01
1.181821358333333194e+01
1.104864312499999990e+01
1.027907266666666608e+01
9.509502208333332263e+00
8.739931750000000221e+00
7.970361291666666403e+00
7.200790833333332586e+00
6.431220374999998768e+00
5.661649916666664950e+00
4.892079458333334685e+00
4.122508999999999979e+00
