1.036400000000000148e-06
1.115777777777777772e-06
1.133749999999999945e-06
1.256666666666666564e-06
1.333749999999999936e-06
1.526666666666666732e-06
1.529916500000000093e-06
1.626369090909090927e-06
1.705520000000000359e-06
1.857844823529411994e-06
2.007274647058823761e-06
2.272211833333332950e-06
2.455004888888888389e-06
2.846799055555555425e-06
3.081432578947368301e-06
3.399487846153846572e-06
3.678786624999999485e-06
4.176111833333332627e-06
4.438175761904761396e-06
4.579406782608694793e-06
4.949389407407407393e-06
5.463485464285715302e-06
7.802173913043477510e-06
8.882105263157894756e-06
1.010461538461538352e-05
