9.8862140000000e+00
9.8762040000000e+00
1.0176060000000e+01
1.0122340000000e+01
9.9571450000000e+00
9.8718670000000e+00
9.6309030000000e+00
9.8068350000000e+00
1.0218340000000e+01
1.0139890000000e+01
1.0124100000000e+01
9.7531740000000e+00
1.0093930000000e+01
1.1024110000000e+01
9.9681900000000e+00
9.6964110000000e+00
9.7126070000000e+00
9.5923050000000e+00
1.0112920000000e+01
1.3215880000000e+01
9.9737950000000e+00
9.8798500000000e+00
9.7734600000000e+00
9.3020250000000e+00
9.8187810000000e+00
9.9445180000000e+00
1.0117990000000e+01
1.0118260000000e+01
1.0136200000000e+01
9.6524610000000e+00
9.3246790000000e+00
9.4581520000000e+00
9.7855700000000e+00
1.0285520000000e+01
1.0189630000000e+01
1.0031390000000e+01
9.5823870000000e+00
9.6068200000000e+00
9.6451820000000e+00
1.0175600000000e+01
1.0172150000000e+01
9.2540320000000e+00
9.7397190000000e+00
9.8980550000000e+00
1.0140080000000e+01
1.0154110000000e+01
9.9726500000000e+00
9.5262100000000e+00
9.8684130000000e+00
9.9334810000000e+00
1.0126910000000e+01
1.0240920000000e+01
9.9485570000000e+00
9.7797890000000e+00
1.0061380000000e+01
9.8810180000000e+00
9.8807970000000e+00
9.8898740000000e+00
1.0046250000000e+01
9.9856710000000e+00
9.9788540000000e+00
1.0078670000000e+01
1.0427260000000e+01
9.7878110000000e+00
9.8583420000000e+00
9.8190110000000e+00
1.0268440000000e+01
9.8619870000000e+00
9.8116230000000e+00
1.0180540000000e+01
9.3459090000000e+00
1.0120680000000e+01
1.0129190000000e+01
9.9440140000000e+00
9.9316430000000e+00
1.0370120000000e+01
1.0288380000000e+01
9.3777550000000e+00
9.8427970000000e+00
1.0008130000000e+01
9.6739150000000e+00
1.0283010000000e+01
1.0330800000000e+01
9.9567720000000e+00
1.0261880000000e+01
9.9165840000000e+00
9.6467030000000e+00
1.0095540000000e+01
1.0127220000000e+01
9.7679450000000e+00
9.8250000000000e+00
1.0238860000000e+01
1.0436740000000e+01
9.3392440000000e+00
1.0174710000000e+01
9.3383290000000e+00
9.4335740000000e+00
1.0115830000000e+01
9.9453470000000e+00
9.9979160000000e+00
9.8828420000000e+00
1.0231130000000e+01
9.6793750000000e+00
9.9014660000000e+00
9.8567470000000e+00
9.9760550000000e+00
9.9720430000000e+00
9.9595200000000e+00
9.9945980000000e+00
1.0102890000000e+01
