6.4392820000000e-05
7.2885840000000e-05
1.8094910000000e-05
2.4163600000000e-05
4.8476440000000e-05
5.8140820000000e-05
9.7371920000000e-05
6.0968420000000e-05
1.0025810000000e-05
1.7150870000000e-05
3.0790740000000e-05
6.9463410000000e-05
3.7885780000000e-05
8.2448320000000e-06
1.3663280000000e-05
7.1541700000000e-05
7.0483080000000e-05
7.7634640000000e-05
6.9687890000000e-05
8.3528100000000e-06
3.2202680000000e-05
5.7179280000000e-05
6.6750220000000e-05
8.3579150000000e-05
6.6075600000000e-05
5.3984790000000e-05
2.0083090000000e-05
2.2913140000000e-05
2.3743930000000e-05
7.3409140000000e-05
9.0743690000000e-05
9.1767610000000e-05
6.7908000000000e-05
1.0599620000000e-05
1.4646340000000e-05
3.4751780000000e-05
8.0633240000000e-05
7.9385370000000e-05
7.7339650000000e-05
1.0367760000000e-05
1.4801120000000e-05
4.0084640000000e-05
6.9474970000000e-05
5.4496660000000e-05
1.8082230000000e-05
9.9989260000000e-06
4.5602480000000e-05
8.4592050000000e-05
5.9194640000000e-05
5.1298620000000e-05
2.4140610000000e-05
1.5725120000000e-05
4.9779450000000e-05
6.6774590000000e-05
7.0968380000000e-05
6.1034900000000e-05
6.1083820000000e-05
5.7008710000000e-05
3.7529680000000e-05
4.6644830000000e-05
4.7397650000000e-05
3.7458980000000e-05
7.2976550000000e-06
7.0547480000000e-05
6.8136490000000e-05
7.2535940000000e-05
1.4428970000000e-05
6.0371090000000e-05
6.4634130000000e-05
3.0780930000000e-05
1.2380210000000e-04
3.2459140000000e-05
1.5675760000000e-05
4.9387520000000e-05
5.0809640000000e-05
1.7370100000000e-05
1.7766650000000e-05
8.2453020000000e-05
7.8266110000000e-05
4.7099550000000e-05
7.9942510000000e-05
2.1555190000000e-05
1.1969040000000e-05
4.9431080000000e-05
3.2191090000000e-05
6.2101690000000e-05
8.5161310000000e-05
2.9653860000000e-05
1.7270690000000e-05
6.6283820000000e-05
6.3603960000000e-05
1.5658030000000e-05
1.7607890000000e-05
8.2859600000000e-05
9.5785650000000e-06
1.0201650000000e-04
9.0225800000000e-05
2.0588750000000e-05
4.9907860000000e-05
4.3677580000000e-05
5.7828360000000e-05
2.8339250000000e-05
7.5367820000000e-05
5.4225480000000e-05
6.1574540000000e-05
4.5798880000000e-05
4.7451050000000e-05
4.7686450000000e-05
4.6204110000000e-05
3.3965160000000e-05
